3
3
4
4
5
5
6
6
8
9
10
11
12
13
14
14
14
15
15
17
19
20
20
21
22
22
23
24
24
26
26
28
28
28
29
30
30
32
35
35
36
38
39
40
40
42
42
44
49
49
51
52
53
53
55
56
59
59
59
61
61
62
63
64
65
66
67
68
69
70
71
72
76
76
77
78
81
83
84
85
85
87
88
88
91
92
92
95
96
97
98
99
101
101
102
105
108
108
111
112
113
117
118
120
121
123
125
125
126
127
128
128
129
132
132
134
135
137
137
138
139
141
142
143
146
151
152
153
155
158
158
159
160
161
162
163
164
166
166
167
168
170
170
171
172
173
173
174
175
177
178
179
181
184
184
187
187
188
189
190
190
190
193
193
194
194
195
197
199
199
200
203
204
204
208
208
208
209
210
210
211
212
214
214
215
216
219
219
220
221
223
224
225
226
227
227
229
231
232
233
236
236
240
244
244
246
247
249
249
250
250
252
253
254
255
255
257
258
259
260
260
262
262
263
266
267
267
269
270
270
272
273
275
276
276
281
289
289
290
291
292
293
293
294
295
296
297
298
301
303
303
304
305
306
308
309
309
311
312
313
314
316
320
320
322
324
325
326
328
329
331
331
334
337
340
343
344
344
346
347
347
347
350
355
355
356
357
358
358
358
359
360
361
362
363
363
365
367
368
368
369
371
373
374
375
378
378
380
380
383
384
387
387
389
391
392
392
392
396
398
401
402
403
404
405
406
409
413
413
414
414
416
417
419
421
422
422
424
425
426
428
429
430
430
433
434
437
438
440
441
443
444
445
447
450
450
451
451
453
453
454
455
457
457
458
460
461
462
462
462
464
464
465
467
467
469
472
472
472
474
476
476
477
478
480
481
484
485
492
494
495
496
501
501
502
504
504
505
506
508
509
510
512
512
515
516
517
519
519
519
521
524
524
524
526
527
530
531
531
532
533
534
535
536
536
538
539
541
543
544
545
546
548
550
550
553
553
555
55S
557
558
559
560
562
563
564
564
565
565
567
568
568
569
570
573
576
576
579
580
581
584
587
587
588
589
589
591
592
593
595
596
599
599
600
602
603
605
609
609
610
611
613
613
614
615
616
620
622
623
624
625
625
626
628
629
629
631
632
632
633
634
636
636
639
643
643
645
646
647
647
649
650
651
652
653
655
656
657
659
660
661
663
665
665
666
666
667
668
669
669
670
672
672
673
675
677
677
678
681
682
683
685
686
687
688
690
692
692
693
693
694
696
697
701
703
703
704
706
707
708
709
711
711
713
714
715
715
716
716
717
719
720
722
729
729
730
731
732
733
734
735
736
737
739
742
742
744
745
745
747
748
749
751
751
751
752
753
754
755
757
757
757
758